      DATE         TIME     LAT.   LONG.  DEPTH    MAGNITUDE            
                   (GMT)    (N)    (E)    (km)       (Local)
 2013 JAN  1   01 05 20.1   38.35   21.89    3         1.0
 2013 JAN  1   01 18 31.3   38.03   21.56   26         1.9
 2013 JAN  1   01 54 27.5   38.22   21.87   13         1.7
 2013 JAN  1   02 44 36.0   38.21   21.87   12         1.1
 2013 JAN  1   03 54 07.9   39.38   23.97   14         2.3
 2013 JAN  1   04 10 40.5   37.58   23.29   14         1.5
 2013 JAN  1   04 12 09.1   38.17   22.59   16         1.4
 2013 JAN  1   05 22 07.1   35.76   25.85   25         2.7
 2013 JAN  1   05 39 46.7   35.37   23.39   33         2.2
 2013 JAN  1   06 33 46.0   34.95   23.58   27         2.0
 2013 JAN  1   08 17 37.3   39.39   20.71   25         1.4
 2013 JAN  1   08 45 51.7   40.76   21.35    7         1.5
 2013 JAN  1   08 48 38.8   36.65   25.78   20         2.0